frame,slot,case,gpu_ms,wall_ms
0,0,base-a,41.366833000,44.654625000
0,1,base-b,48.452875000,54.473333000
0,2,micro,46.700875000,48.193500000
0,3,complete,47.001083000,51.285875000
1,0,base-a,44.829292000,48.304584000
1,1,base-b,44.707125000,46.741458000
1,2,complete,43.773167000,46.189334000
1,3,micro,44.808708000,50.195333000
2,0,base-a,44.501833000,48.168375000
2,1,micro,35.369250000,38.223959000
2,2,base-b,51.030459000,54.227041000
2,3,complete,40.663167000,43.243125000
3,0,base-a,44.236542000,48.553167000
3,1,micro,34.495917000,38.272000000
3,2,complete,44.611792000,48.033875000
3,3,base-b,45.050416000,48.699541000
4,0,base-a,47.442875000,51.225333000
4,1,complete,47.373625000,49.577875000
4,2,micro,50.019167000,54.610083000
4,3,base-b,51.291209000,53.352542000
5,0,base-a,47.468250000,49.481917000
5,1,complete,37.885292000,39.255042000
5,2,base-b,51.217500000,54.499584000
5,3,micro,38.279750000,40.787500000
6,0,base-b,40.163333000,43.594791000
6,1,base-a,46.912542000,51.458208000
6,2,micro,49.446209000,52.014667000
6,3,complete,54.707500000,59.698584000
7,0,base-b,55.487416000,60.871209000
7,1,base-a,50.852041000,55.228500000
7,2,complete,55.903709000,57.702041000
7,3,micro,55.777917000,59.833625000
8,0,base-b,49.011750000,52.022667000
8,1,micro,51.490625000,60.091875000
8,2,base-a,49.122208000,52.344542000
8,3,complete,52.301542000,55.572500000
9,0,base-b,43.029750000,46.533292000
9,1,micro,53.146291000,56.232000000
9,2,complete,51.769708000,54.611916000
9,3,base-a,49.526375000,69.366333000
10,0,base-b,49.945458000,57.431083000
10,1,complete,54.758458000,57.753709000
10,2,micro,52.407500000,56.382458000
10,3,base-a,50.787958000,54.122042000
11,0,base-b,52.260125000,54.884541000
11,1,complete,52.005084000,56.282375000
11,2,base-a,39.179041000,42.202459000
11,3,micro,34.290958000,37.240417000
12,0,micro,33.548750000,35.763333000
12,1,base-b,33.534958000,36.128708000
12,2,base-a,32.660000000,39.076917000
12,3,complete,32.102291000,33.944208000
13,0,micro,32.430625000,34.649625000
13,1,base-b,29.619125000,32.817083000
13,2,complete,33.531542000,35.831959000
13,3,base-a,33.776792000,37.888958000
14,0,micro,31.628166000,33.104625000
14,1,base-a,33.327625000,35.970500000
14,2,base-b,33.970291000,36.214833000
14,3,complete,32.549709000,35.012000000
15,0,micro,31.838666000,33.138458000
15,1,base-a,30.147791000,32.063250000
15,2,complete,29.037167000,31.187083000
15,3,base-b,29.912709000,32.016750000
16,0,micro,28.937042000,31.000709000
16,1,complete,29.529834000,32.583042000
16,2,base-a,30.247625000,32.905708000
16,3,base-b,29.282875000,30.633750000
17,0,micro,27.721916000,29.463833000
17,1,complete,27.785834000,29.679125000
17,2,base-b,29.174542000,30.645250000
17,3,base-a,30.904584000,32.071375000
18,0,complete,27.722833000,29.499000000
18,1,base-b,28.832417000,31.519250000
18,2,micro,28.739166000,30.531083000
18,3,base-a,29.211667000,31.832542000
19,0,complete,29.178542000,30.373583000
19,1,base-b,29.057833000,31.541959000
19,2,base-a,29.732333000,31.475291000
19,3,micro,28.898958000,30.081917000
20,0,complete,28.904959000,30.002750000
20,1,micro,28.978625000,30.517625000
20,2,base-b,27.898583000,29.849375000
20,3,base-a,28.781792000,31.197625000
21,0,complete,27.133458000,28.960167000
21,1,micro,28.496417000,34.439542000
21,2,base-a,30.299667000,32.980792000
21,3,base-b,28.857208000,31.019375000
22,0,complete,34.487583000,37.260625000
22,1,base-a,34.377459000,36.716542000
22,2,micro,27.508125000,31.908875000
22,3,base-b,28.671875000,31.042166000
23,0,complete,31.515625000,33.735542000
23,1,base-a,32.513708000,37.345125000
23,2,base-b,32.001292000,34.387875000
23,3,micro,32.817625000,35.764792000
24,0,base-a,28.203250000,30.058625000
24,1,base-b,40.494792000,42.461834000
24,2,micro,35.116583000,38.923250000
24,3,complete,33.311625000,35.966292000
25,0,base-a,35.369333000,38.358583000
25,1,base-b,34.489625000,36.339542000
25,2,complete,39.872708000,44.147584000
25,3,micro,33.240208000,34.705041000
26,0,base-a,49.387875000,51.989334000
26,1,micro,36.689333000,41.149083000
26,2,base-b,39.143125000,40.799791000
26,3,complete,30.031583000,31.356458000
27,0,base-a,36.282792000,38.516458000
27,1,micro,29.187583000,34.192500000
27,2,complete,33.786208000,39.193625000
27,3,base-b,32.999333000,35.810292000
28,0,base-a,31.283167000,32.702833000
28,1,complete,33.935292000,37.338583000
28,2,micro,35.882791000,41.069292000
28,3,base-b,30.541250000,32.160417000
29,0,base-a,32.946083000,37.602250000
29,1,complete,30.629125000,32.469292000
29,2,base-b,31.641917000,33.835041000
29,3,micro,26.886708000,29.034416000
30,0,base-b,27.337959000,29.581833000
30,1,base-a,27.089417000,34.609792000
30,2,micro,26.642666000,28.537500000
30,3,complete,27.427833000,33.726459000
31,0,base-b,27.363292000,38.365875000
31,1,base-a,27.720834000,39.969667000
31,2,complete,29.543375000,31.792291000
31,3,micro,30.873917000,32.710500000
32,0,base-b,29.498417000,31.644667000
32,1,micro,29.494584000,31.088500000
32,2,base-a,30.161916000,32.932000000
32,3,complete,28.421625000,42.883459000
33,0,base-b,28.514125000,39.253000000
33,1,micro,27.987750000,39.233292000
33,2,complete,37.799625000,96.034042000
33,3,base-a,37.708708000,52.336625000
34,0,base-b,30.908000000,78.860875000
34,1,complete,27.999708000,45.707291000
34,2,micro,30.323875000,39.701458000
34,3,base-a,29.074500000,33.708959000
35,0,base-b,29.320292000,31.759375000
35,1,complete,28.895625000,35.104166000
35,2,base-a,29.255250000,33.244333000
35,3,micro,28.682375000,32.173125000
36,0,micro,31.921625000,35.097583000
36,1,base-b,36.408834000,41.128292000
36,2,base-a,41.465333000,45.065875000
36,3,complete,44.305917000,46.631250000
37,0,micro,40.203500000,43.482250000
37,1,base-b,35.758208000,41.410458000
37,2,complete,44.763333000,47.397917000
37,3,base-a,44.832792000,49.944042000
38,0,micro,43.580375000,47.394750000
38,1,base-a,44.905166000,55.439750000
38,2,base-b,42.862208000,44.537375000
38,3,complete,43.932958000,51.966208000
39,0,micro,43.878917000,44.941084000
39,1,base-a,40.556792000,53.030417000
39,2,complete,37.811625000,41.860416000
39,3,base-b,50.719250000,57.260042000
40,0,micro,49.937250000,56.009292000
40,1,complete,41.163750000,45.930583000
40,2,base-a,48.102833000,50.047750000
40,3,base-b,45.237250000,55.432333000
41,0,micro,43.128167000,46.257791000
41,1,complete,40.891083000,42.746625000
41,2,base-b,32.885042000,38.758291000
41,3,base-a,37.407625000,41.134000000
42,0,complete,32.366792000,36.500416000
42,1,base-b,29.673125000,32.552792000
42,2,micro,33.971083000,37.318625000
42,3,base-a,35.529750000,37.526834000
43,0,complete,29.347000000,34.731792000
43,1,base-b,32.127542000,34.108083000
43,2,base-a,35.321250000,37.157709000
43,3,micro,29.134083000,33.283000000
44,0,complete,39.944209000,42.082792000
44,1,micro,45.258875000,48.130000000
44,2,base-b,46.147292000,48.381583000
44,3,base-a,41.206834000,46.313584000
45,0,complete,32.351084000,33.505959000
45,1,micro,26.637292000,27.818917000
45,2,base-a,27.162792000,28.253292000
45,3,base-b,27.723084000,29.259833000
46,0,complete,26.633125000,28.270334000
46,1,base-a,26.685083000,29.341833000
46,2,micro,27.024875000,28.280916000
46,3,base-b,27.605084000,36.653708000
47,0,complete,27.196042000,45.177666000
47,1,base-a,28.101042000,29.977375000
47,2,base-b,44.730208000,47.645875000
47,3,micro,37.503667000,45.780292000
48,0,base-a,36.419208000,39.830083000
48,1,base-b,34.436500000,39.428792000
48,2,micro,29.254750000,30.720375000
48,3,complete,26.246500000,27.817125000
49,0,base-a,26.384667000,29.319750000
49,1,base-b,27.924583000,35.032833000
49,2,complete,27.741750000,29.581833000
49,3,micro,26.275833000,28.396375000
50,0,base-a,29.708584000,31.113916000
50,1,micro,27.600750000,29.565000000
50,2,base-b,28.023500000,29.134875000
50,3,complete,27.181666000,29.480000000
51,0,base-a,30.652833000,32.235042000
51,1,micro,41.272666000,43.371125000
51,2,complete,36.408291000,39.695542000
51,3,base-b,42.254042000,44.480708000
52,0,base-a,37.215917000,44.607459000
52,1,complete,29.994750000,32.513250000
52,2,micro,27.886833000,30.064416000
52,3,base-b,27.630250000,30.199958000
53,0,base-a,28.237250000,30.456708000
53,1,complete,28.060333000,29.765541000
53,2,base-b,28.174916000,29.833000000
53,3,micro,29.056750000,30.744667000
54,0,base-b,27.546959000,29.264542000
54,1,base-a,27.523208000,29.436625000
54,2,micro,28.365167000,29.559333000
54,3,complete,31.361000000,33.310458000
55,0,base-b,45.639250000,48.098791000
55,1,base-a,36.978875000,40.179708000
55,2,complete,34.440791000,36.886416000
55,3,micro,36.110125000,40.693958000
56,0,base-b,31.273042000,33.370583000
56,1,micro,27.857750000,29.456084000
56,2,base-a,28.787500000,30.711584000
56,3,complete,28.162042000,29.739625000
57,0,base-b,30.724000000,32.381625000
57,1,micro,31.297125000,34.678250000
57,2,complete,31.644750000,33.424375000
57,3,base-a,31.158958000,33.161333000
58,0,base-b,32.494792000,34.769375000
58,1,complete,33.740667000,34.992208000
58,2,micro,45.100708000,50.331209000
58,3,base-a,53.777416000,56.059209000
59,0,base-b,50.246958000,51.949417000
59,1,complete,34.295917000,35.949416000
59,2,base-a,33.235750000,35.344917000
59,3,micro,31.072375000,33.429084000
60,0,micro,31.103208000,33.530500000
60,1,base-b,30.279833000,32.113000000
60,2,base-a,33.477833000,41.826500000
60,3,complete,30.116292000,34.123459000
61,0,micro,28.645083000,30.834875000
61,1,base-b,31.875209000,33.292666000
61,2,complete,40.398500000,42.072209000
61,3,base-a,48.405875000,51.456625000
62,0,micro,46.777375000,48.899917000
62,1,base-a,43.026041000,46.959833000
62,2,base-b,33.944958000,35.087292000
62,3,complete,30.410875000,32.811209000
63,0,micro,30.491667000,31.693125000
63,1,base-a,30.220958000,32.185542000
63,2,complete,29.574083000,30.884834000
63,3,base-b,30.072833000,38.054375000
64,0,micro,31.124166000,39.817958000
64,1,complete,29.178375000,30.804083000
64,2,base-a,31.112041000,33.712917000
64,3,base-b,40.153541000,42.523292000
65,0,micro,44.179500000,52.639417000
65,1,complete,42.988666000,46.713083000
65,2,base-b,49.006500000,50.595375000
65,3,base-a,34.713500000,37.116417000
66,0,complete,32.630625000,34.416834000
66,1,base-b,38.103333000,39.636583000
66,2,micro,32.394958000,35.889917000
66,3,base-a,39.462875000,42.741083000
67,0,complete,34.988750000,36.659500000
67,1,base-b,38.205209000,45.341834000
67,2,base-a,36.143166000,39.128833000
67,3,micro,43.731875000,48.427375000
68,0,complete,36.048708000,37.401084000
68,1,micro,41.526709000,44.592333000
68,2,base-b,43.587083000,64.916958000
68,3,base-a,33.043167000,40.369208000
69,0,complete,30.010792000,31.358542000
69,1,micro,30.178625000,33.445541000
69,2,base-a,27.477375000,32.309584000
69,3,base-b,30.874042000,32.871458000
70,0,complete,35.369791000,37.933958000
70,1,base-a,33.734833000,36.628791000
70,2,micro,32.784792000,36.500209000
70,3,base-b,40.073917000,47.903833000
71,0,complete,36.165208000,39.311333000
71,1,base-a,33.077250000,37.656250000
71,2,base-b,44.218292000,48.235541000
71,3,micro,32.114250000,33.737000000
72,0,base-a,30.304334000,31.515083000
72,1,base-b,27.739917000,28.843208000
72,2,micro,27.080875000,29.553041000
72,3,complete,26.386333000,28.258542000
73,0,base-a,27.316917000,28.545000000
73,1,base-b,26.975583000,28.195458000
73,2,complete,28.678541000,30.462417000
73,3,micro,26.864667000,29.501791000
74,0,base-a,27.720458000,29.322000000
74,1,micro,27.583625000,29.480167000
74,2,base-b,28.832375000,35.948416000
74,3,complete,35.916833000,45.133250000
75,0,base-a,42.572875000,50.407292000
75,1,micro,40.609917000,47.699709000
75,2,complete,35.612583000,45.751792000
75,3,base-b,27.237667000,32.611542000
76,0,base-a,26.679250000,28.642375000
76,1,complete,25.675000000,28.022917000
76,2,micro,26.771084000,28.404583000
76,3,base-b,27.514250000,29.054542000
77,0,base-a,28.042750000,29.312958000
77,1,complete,27.472958000,29.379167000
77,2,base-b,26.757750000,28.334541000
77,3,micro,26.037833000,28.006708000
78,0,base-b,27.424416000,28.426625000
78,1,base-a,39.599958000,43.296750000
78,2,micro,38.951042000,40.862000000
78,3,complete,37.728292000,40.607959000
79,0,base-b,39.470291000,43.423458000
79,1,base-a,36.209583000,38.461459000
79,2,complete,25.695042000,28.197750000
79,3,micro,26.591666000,28.357625000
80,0,base-b,27.821666000,29.803500000
80,1,micro,27.033334000,29.503875000
80,2,base-a,27.524291000,28.902583000
80,3,complete,26.634541000,28.207417000
81,0,base-b,27.706917000,29.670875000
81,1,micro,25.988875000,27.065459000
81,2,complete,26.321917000,28.145000000
81,3,base-a,27.647042000,28.944583000
82,0,base-b,39.236292000,41.438625000
82,1,complete,38.213458000,39.837667000
82,2,micro,40.086167000,43.142542000
82,3,base-a,35.596625000,38.608250000
83,0,base-b,35.842417000,37.440209000
83,1,complete,28.779208000,30.705792000
83,2,base-a,27.425709000,29.653500000
83,3,micro,26.963666000,29.115334000
84,0,micro,26.302667000,28.256250000
84,1,base-b,28.109500000,29.567167000
84,2,base-a,30.428459000,32.251041000
84,3,complete,30.230625000,32.142458000
85,0,micro,28.545667000,30.725791000
85,1,base-b,28.775542000,31.162542000
85,2,complete,29.163166000,31.736583000
85,3,base-a,40.193917000,42.099417000
86,0,micro,42.631833000,46.228583000
86,1,base-a,48.482334000,49.734875000
86,2,base-b,37.971083000,41.304417000
86,3,complete,30.573333000,33.367500000
87,0,micro,28.832250000,30.493834000
87,1,base-a,30.853875000,33.248625000
87,2,complete,28.265333000,30.042209000
87,3,base-b,30.568750000,41.241042000
88,0,micro,29.779041000,35.497583000
88,1,complete,28.517458000,29.497791000
88,2,base-a,28.805500000,30.877500000
88,3,base-b,30.408541000,31.906625000
89,0,micro,29.741250000,32.264500000
89,1,complete,41.930375000,44.400916000
89,2,base-b,44.946417000,48.697125000
89,3,base-a,45.217250000,49.909667000
90,0,complete,35.886542000,38.383250000
90,1,base-b,30.496959000,33.304167000
90,2,micro,29.513750000,31.612959000
90,3,base-a,29.095542000,31.513917000
91,0,complete,28.558416000,30.528000000
91,1,base-b,28.123000000,29.651834000
91,2,base-a,30.716583000,32.645041000
91,3,micro,29.743042000,31.153959000
92,0,complete,29.178667000,31.778041000
92,1,micro,27.224959000,31.049459000
92,2,base-b,30.298375000,37.094500000
92,3,base-a,47.782833000,52.258250000
93,0,complete,42.251042000,43.894917000
93,1,micro,41.776542000,47.140250000
93,2,base-a,37.211708000,42.130917000
93,3,base-b,30.804791000,38.408042000
94,0,complete,32.399833000,34.473250000
94,1,base-a,34.869625000,37.370375000
94,2,micro,35.477792000,37.143667000
94,3,base-b,32.019042000,33.131833000
95,0,complete,33.491584000,42.977541000
95,1,base-a,33.139917000,57.203708000
95,2,base-b,42.125166000,46.019833000
95,3,micro,31.685667000,33.801250000
96,0,base-a,42.683792000,46.275500000
96,1,base-b,38.220750000,44.188042000
96,2,micro,33.943167000,38.968250000
96,3,complete,29.554875000,32.548417000
97,0,base-a,31.935667000,34.027500000
97,1,base-b,31.499500000,35.299334000
97,2,complete,31.752583000,33.821750000
97,3,micro,31.679584000,37.380958000
98,0,base-a,34.519125000,47.415125000
98,1,micro,31.315875000,33.119625000
98,2,base-b,29.921666000,32.150584000
98,3,complete,28.286667000,30.198917000
99,0,base-a,34.943000000,39.543833000
99,1,micro,37.884292000,42.377375000
99,2,complete,34.090041000,38.017625000
99,3,base-b,31.167750000,32.956125000
100,0,base-a,31.634458000,33.681708000
100,1,complete,25.142250000,28.036958000
100,2,micro,24.601791000,26.254375000
100,3,base-b,25.787917000,28.619083000
101,0,base-a,29.217083000,31.501417000
101,1,complete,26.237250000,31.656000000
101,2,base-b,27.548958000,40.491500000
101,3,micro,25.665458000,29.984541000
102,0,base-b,28.681333000,30.574625000
102,1,base-a,29.208042000,31.232333000
102,2,micro,25.552083000,34.477791000
102,3,complete,37.430250000,40.634417000
103,0,base-b,35.582250000,37.649959000
103,1,base-a,28.438292000,30.795958000
103,2,complete,26.149792000,27.718750000
103,3,micro,25.271250000,26.918334000
104,0,base-b,26.209333000,34.543167000
104,1,micro,29.061292000,36.178292000
104,2,base-a,25.936583000,27.864000000
104,3,complete,24.932625000,27.128375000
105,0,base-b,26.393667000,29.451667000
105,1,micro,27.712333000,29.999833000
105,2,complete,31.862250000,33.087041000
105,3,base-a,32.107500000,34.381917000
106,0,base-b,32.816834000,37.219500000
106,1,complete,30.909084000,33.314250000
106,2,micro,37.657709000,41.000459000
106,3,base-a,37.993125000,40.895833000
107,0,base-b,40.189708000,45.855375000
107,1,complete,41.805375000,45.776042000
107,2,base-a,45.381375000,46.767125000
107,3,micro,43.098667000,45.954583000
108,0,micro,42.268666000,46.769250000
108,1,base-b,40.028250000,43.349667000
108,2,base-a,38.664375000,41.790083000
108,3,complete,38.239083000,41.056416000
109,0,micro,33.662916000,35.038000000
109,1,base-b,27.459750000,30.781875000
109,2,complete,25.986375000,27.931458000
109,3,base-a,26.480708000,28.773125000
110,0,micro,25.217375000,26.302875000
110,1,base-a,27.072625000,29.651750000
110,2,base-b,26.251166000,29.067000000
110,3,complete,26.053000000,27.103125000
111,0,micro,25.423125000,26.446750000
111,1,base-a,26.839666000,28.432375000
111,2,complete,24.878000000,27.414916000
111,3,base-b,26.081666000,28.135959000
112,0,micro,25.809458000,27.097917000
112,1,complete,28.868667000,30.927083000
112,2,base-a,30.286166000,32.553666000
112,3,base-b,28.398708000,30.452167000
113,0,micro,27.971750000,29.639583000
113,1,complete,29.127375000,32.508625000
113,2,base-b,32.169250000,35.567417000
113,3,base-a,33.162375000,37.347417000
114,0,complete,27.689125000,31.139875000
114,1,base-b,28.815958000,31.289750000
114,2,micro,28.389375000,30.693166000
114,3,base-a,29.735375000,32.071667000
115,0,complete,28.458333000,31.000125000
115,1,base-b,29.885750000,32.106666000
115,2,base-a,28.610542000,30.827292000
115,3,micro,28.563542000,30.840583000
116,0,complete,28.214917000,30.089833000
116,1,micro,29.287250000,31.192709000
116,2,base-b,27.382458000,29.844958000
116,3,base-a,28.987125000,36.680417000
117,0,complete,27.631167000,29.416000000
117,1,micro,28.577542000,31.229500000
117,2,base-a,29.850291000,31.502208000
117,3,base-b,28.857250000,31.055292000
118,0,complete,28.775709000,30.131959000
118,1,base-a,30.446375000,33.203958000
118,2,micro,29.266792000,31.456041000
118,3,base-b,28.894875000,30.817250000
119,0,complete,28.007291000,30.489667000
119,1,base-a,29.972375000,32.060459000
119,2,base-b,28.858291000,30.039958000
119,3,micro,28.941000000,30.643083000
120,0,base-a,29.739417000,32.134208000
120,1,base-b,29.670667000,31.301625000
120,2,micro,28.762875000,38.620792000
120,3,complete,29.733250000,33.817833000
121,0,base-a,30.380875000,35.151375000
121,1,base-b,29.792042000,32.379291000
121,2,complete,28.762792000,30.769042000
121,3,micro,29.336500000,30.617208000
122,0,base-a,31.704917000,35.443708000
122,1,micro,29.303667000,34.049208000
122,2,base-b,32.827917000,35.850084000
122,3,complete,31.547875000,33.908916000
123,0,base-a,30.860208000,35.629167000
123,1,micro,33.032375000,34.236416000
123,2,complete,28.901166000,33.208500000
123,3,base-b,29.686417000,31.303959000
124,0,base-a,31.847375000,33.436416000
124,1,complete,30.548459000,31.789750000
124,2,micro,32.680792000,34.801167000
124,3,base-b,32.883875000,35.980459000
125,0,base-a,31.721375000,33.399375000
125,1,complete,29.484041000,31.429458000
125,2,base-b,31.127500000,40.277792000
125,3,micro,28.325708000,32.013458000
126,0,base-b,29.041000000,35.254875000
126,1,base-a,31.489958000,33.359709000
126,2,micro,27.622000000,29.470750000
126,3,complete,29.764917000,35.423334000
127,0,base-b,28.594584000,31.029916000
127,1,base-a,29.636541000,39.948167000
127,2,complete,29.163541000,35.563417000
127,3,micro,30.295000000,31.878125000
128,0,base-b,30.767042000,34.549208000
128,1,micro,28.782583000,30.167458000
128,2,base-a,27.196958000,32.446917000
128,3,complete,26.199792000,30.237917000
129,0,base-b,28.516334000,30.773042000
129,1,micro,28.412000000,29.547833000
129,2,complete,28.088166000,30.324791000
129,3,base-a,28.812541000,32.039916000
130,0,base-b,29.153292000,30.372875000
130,1,complete,27.812917000,30.761875000
130,2,micro,28.183958000,37.492417000
130,3,base-a,28.970166000,36.130833000
131,0,base-b,28.770125000,30.486708000
131,1,complete,28.188750000,30.315500000
131,2,base-a,29.352042000,31.888000000
131,3,micro,28.383000000,30.649417000
132,0,micro,27.439834000,30.602375000
132,1,base-b,28.910916000,30.775292000
132,2,base-a,31.431000000,38.497167000
132,3,complete,27.769708000,36.158417000
133,0,micro,27.990666000,30.200458000
133,1,base-b,30.855666000,32.360333000
133,2,complete,27.703708000,29.272083000
133,3,base-a,26.993083000,39.774959000
134,0,micro,27.537916000,30.034833000
134,1,base-a,28.854625000,30.912250000
134,2,base-b,28.998291000,32.084958000
134,3,complete,26.424209000,27.753125000
135,0,micro,26.371833000,28.281041000
135,1,base-a,27.444417000,30.501584000
135,2,complete,29.420250000,35.980333000
135,3,base-b,26.904917000,30.218958000
136,0,micro,26.094583000,27.877958000
136,1,complete,28.391209000,31.582375000
136,2,base-a,28.816375000,30.928208000
136,3,base-b,28.793167000,30.934125000
137,0,micro,27.872000000,29.602583000
137,1,complete,28.439625000,30.270458000
137,2,base-b,28.445250000,30.040625000
137,3,base-a,26.974625000,29.151750000
138,0,complete,25.884250000,28.002208000
138,1,base-b,29.235208000,31.450250000
138,2,micro,26.335042000,28.127750000
138,3,base-a,28.796833000,31.292208000
139,0,complete,28.860792000,33.233334000
139,1,base-b,28.786000000,30.821125000
139,2,base-a,29.064167000,31.473334000
139,3,micro,28.325417000,29.524750000
140,0,complete,28.713833000,30.197334000
140,1,micro,27.297542000,29.483667000
140,2,base-b,30.057750000,31.317750000
140,3,base-a,28.944666000,31.737500000
141,0,complete,28.149000000,30.515833000
141,1,micro,26.783833000,29.226125000
141,2,base-a,26.925583000,28.839375000
141,3,base-b,28.489375000,30.418750000
142,0,complete,28.358416000,30.188584000
142,1,base-a,29.321250000,31.485208000
142,2,micro,28.333042000,30.434292000
142,3,base-b,28.075542000,29.517875000
143,0,complete,28.097500000,29.482250000
143,1,base-a,28.588125000,30.916625000
143,2,base-b,32.118875000,34.416459000
143,3,micro,29.325375000,30.729792000
144,0,base-a,30.635084000,31.882458000
144,1,base-b,29.203708000,30.360250000
144,2,micro,30.273375000,31.482125000
144,3,complete,26.455542000,27.965083000
145,0,base-a,30.322250000,31.620542000
145,1,base-b,31.692334000,33.134042000
145,2,complete,27.449167000,28.579875000
145,3,micro,29.251458000,31.064250000
146,0,base-a,29.688959000,30.923167000
146,1,micro,30.229666000,32.116333000
146,2,base-b,30.122250000,32.031708000
146,3,complete,28.996375000,30.633542000
147,0,base-a,30.767000000,32.361458000
147,1,micro,29.806750000,32.210208000
147,2,complete,29.501375000,31.589333000
147,3,base-b,29.138166000,31.068958000
148,0,base-a,29.997958000,31.799500000
148,1,complete,28.842375000,31.153042000
148,2,micro,32.210042000,36.306291000
148,3,base-b,28.853750000,32.115083000
149,0,base-a,30.803791000,31.856875000
149,1,complete,28.249166000,29.628459000
149,2,base-b,29.748708000,31.904250000
149,3,micro,28.054458000,29.391083000
150,0,base-b,28.734333000,30.897042000
150,1,base-a,33.025666000,34.833167000
150,2,micro,26.649791000,29.670958000
150,3,complete,27.840000000,29.943083000
151,0,base-b,29.330208000,31.080583000
151,1,base-a,29.680791000,31.948250000
151,2,complete,29.768583000,31.878792000
151,3,micro,27.869000000,30.369708000
152,0,base-b,29.102667000,31.973792000
152,1,micro,28.353500000,29.647667000
152,2,base-a,27.738459000,29.272500000
152,3,complete,29.191292000,32.583000000
153,0,base-b,27.880750000,29.928417000
153,1,micro,29.212333000,32.461791000
153,2,complete,28.273125000,30.438542000
153,3,base-a,27.897791000,30.567125000
154,0,base-b,28.696458000,30.821125000
154,1,complete,31.971750000,35.352084000
154,2,micro,32.966458000,45.632917000
154,3,base-a,35.277833000,42.206583000
155,0,base-b,32.032792000,34.019500000
155,1,complete,34.417791000,36.244708000
155,2,base-a,32.806500000,36.575459000
155,3,micro,30.884167000,37.161000000
156,0,micro,31.158000000,33.937542000
156,1,base-b,33.184459000,37.120791000
156,2,base-a,28.942834000,31.263708000
156,3,complete,29.634000000,33.223458000
157,0,micro,28.587083000,32.301375000
157,1,base-b,29.139000000,31.152250000
157,2,complete,31.910875000,33.728959000
157,3,base-a,32.173708000,34.582167000
158,0,micro,32.276875000,35.678792000
158,1,base-a,29.651666000,41.839958000
158,2,base-b,28.636750000,38.067791000
158,3,complete,32.220917000,34.870375000
159,0,micro,34.035458000,36.352542000
159,1,base-a,31.895792000,33.632042000
159,2,complete,33.343875000,36.354000000
159,3,base-b,31.673792000,34.091000000
160,0,micro,27.835166000,36.340291000
160,1,complete,34.589584000,43.117583000
160,2,base-a,31.734250000,34.378417000
160,3,base-b,26.390834000,28.155791000
161,0,micro,25.695917000,29.340458000
161,1,complete,25.098292000,27.891375000
161,2,base-b,32.854917000,34.053750000
161,3,base-a,25.872250000,27.157833000
162,0,complete,25.792792000,36.748458000
162,1,base-b,24.924500000,29.118667000
162,2,micro,25.838083000,28.068334000
162,3,base-a,25.630458000,27.835292000
163,0,complete,26.175750000,28.454583000
163,1,base-b,26.592167000,28.397209000
163,2,base-a,25.689625000,31.921042000
163,3,micro,24.772458000,26.996333000
164,0,complete,25.197833000,26.743458000
164,1,micro,27.799041000,29.439916000
164,2,base-b,26.257333000,28.087958000
164,3,base-a,26.184208000,28.298000000
165,0,complete,24.741792000,26.736333000
165,1,micro,24.816250000,26.979125000
165,2,base-a,24.886917000,26.767292000
165,3,base-b,25.613666000,30.460667000
166,0,complete,24.341750000,30.342458000
166,1,base-a,24.929917000,28.525458000
166,2,micro,25.366584000,26.479667000
166,3,base-b,25.349542000,27.637250000
167,0,complete,26.234250000,34.379708000
167,1,base-a,25.506583000,29.475625000
167,2,base-b,24.725208000,27.598000000
167,3,micro,24.405416000,25.825209000
168,0,base-a,25.659459000,27.359458000
168,1,base-b,25.517375000,26.938875000
168,2,micro,24.829250000,27.172750000
168,3,complete,25.584959000,27.026000000
169,0,base-a,26.148958000,29.002125000
169,1,base-b,25.870167000,27.793542000
169,2,complete,24.876458000,27.130167000
169,3,micro,25.441458000,26.966584000
170,0,base-a,25.702875000,27.483542000
170,1,micro,24.572000000,26.515167000
170,2,base-b,26.077250000,28.022958000
170,3,complete,24.860167000,27.251625000
171,0,base-a,26.476250000,28.041625000
171,1,micro,25.370709000,26.853875000
171,2,complete,25.983417000,28.163458000
171,3,base-b,25.335166000,26.982084000
172,0,base-a,26.703042000,28.128583000
172,1,complete,25.375375000,26.996417000
172,2,micro,26.208833000,28.256291000
172,3,base-b,25.674208000,28.934958000
173,0,base-a,25.857209000,28.221459000
173,1,complete,24.982750000,26.941667000
173,2,base-b,24.814708000,26.866875000
173,3,micro,25.106541000,27.241500000
174,0,base-b,27.907667000,29.961250000
174,1,base-a,29.150750000,32.255833000
174,2,micro,28.694625000,31.683250000
174,3,complete,26.121375000,28.558500000
175,0,base-b,26.412750000,28.719209000
175,1,base-a,26.858333000,29.816917000
175,2,complete,28.357625000,30.609708000
175,3,micro,28.082750000,29.741375000
176,0,base-b,27.364042000,29.728375000
176,1,micro,26.565500000,28.132375000
176,2,base-a,27.976333000,30.131709000
176,3,complete,28.874625000,30.999875000
177,0,base-b,28.128125000,30.003042000
177,1,micro,26.145625000,28.405792000
177,2,complete,27.758000000,29.617625000
177,3,base-a,28.164500000,30.386042000
178,0,base-b,35.276625000,37.433583000
178,1,complete,34.484458000,36.454000000
178,2,micro,28.473625000,31.959875000
178,3,base-a,31.070833000,32.604458000
179,0,base-b,31.396417000,33.697458000
179,1,complete,31.327834000,33.782542000
179,2,base-a,28.086084000,29.737417000
179,3,micro,26.827417000,28.395583000
180,0,micro,27.409000000,29.336375000
180,1,base-b,28.232542000,31.239458000
180,2,base-a,27.896375000,29.742542000
180,3,complete,28.011416000,29.831208000
181,0,micro,26.927916000,29.266583000
181,1,base-b,35.175542000,37.547625000
181,2,complete,30.721375000,33.298833000
181,3,base-a,26.663125000,28.118500000
182,0,micro,27.712750000,29.575167000
182,1,base-a,27.582750000,29.374708000
182,2,base-b,28.197292000,29.744333000
182,3,complete,28.261917000,32.018291000
183,0,micro,27.985792000,30.452334000
183,1,base-a,28.287583000,30.286291000
183,2,complete,27.825041000,29.583375000
183,3,base-b,26.823167000,28.247625000
184,0,micro,26.643834000,30.243541000
184,1,complete,27.980583000,30.982917000
184,2,base-a,26.375000000,27.995375000
184,3,base-b,27.939500000,29.343625000
185,0,micro,27.817208000,29.341834000
185,1,complete,27.732208000,29.043000000
185,2,base-b,26.759416000,29.094792000
185,3,base-a,30.361292000,32.852541000
186,0,complete,27.926667000,30.490041000
186,1,base-b,29.621583000,30.766833000
186,2,micro,28.524083000,30.412084000
186,3,base-a,31.126125000,32.887709000
187,0,complete,36.704208000,42.317000000
187,1,base-b,34.799667000,37.908208000
187,2,base-a,33.656042000,35.668750000
187,3,micro,39.261833000,41.900000000
188,0,complete,38.650750000,58.773750000
188,1,micro,39.882958000,46.725375000
188,2,base-b,42.529084000,50.718833000
188,3,base-a,35.362500000,40.128875000
189,0,complete,31.473500000,32.649541000
189,1,micro,34.685750000,35.849542000
189,2,base-a,35.842208000,45.670333000
189,3,base-b,32.096000000,37.782625000
190,0,complete,34.136000000,35.130250000
190,1,base-a,32.186125000,34.800750000
190,2,micro,36.089208000,40.774958000
190,3,base-b,35.112709000,36.834709000
191,0,complete,31.497000000,36.681166000
191,1,base-a,29.325292000,31.045167000
191,2,base-b,28.508958000,30.638833000
191,3,micro,25.630500000,32.192833000
192,0,base-a,26.925708000,32.307500000
192,1,base-b,26.071417000,36.447875000
192,2,micro,29.189833000,34.915042000
192,3,complete,27.485583000,29.511875000
193,0,base-a,26.536208000,28.026083000
193,1,base-b,33.794083000,50.087917000
193,2,complete,26.223250000,37.468250000
193,3,micro,24.242625000,33.558291000
194,0,base-a,26.390500000,28.673709000
194,1,micro,25.366625000,32.207250000
194,2,base-b,26.037666000,28.510542000
194,3,complete,26.290417000,28.040833000
195,0,base-a,26.768291000,33.855084000
195,1,micro,25.551666000,29.690083000
195,2,complete,26.474208000,29.301000000
195,3,base-b,26.591625000,28.133708000
196,0,base-a,29.429125000,31.740167000
196,1,complete,25.758459000,26.972083000
196,2,micro,25.483958000,28.531625000
196,3,base-b,26.361125000,35.305000000
197,0,base-a,25.920750000,31.995959000
197,1,complete,24.942959000,27.259333000
197,2,base-b,26.698750000,29.303834000
197,3,micro,26.417167000,28.096000000
198,0,base-b,26.712917000,28.331625000
198,1,base-a,27.995833000,30.290625000
198,2,micro,26.533375000,28.588417000
198,3,complete,25.305084000,31.217167000
199,0,base-b,27.009584000,33.144209000
199,1,base-a,34.923875000,42.243833000
199,2,complete,28.610709000,30.771042000
199,3,micro,26.177041000,27.516333000
200,0,base-b,26.665709000,30.763666000
200,1,micro,25.852583000,30.839500000
200,2,base-a,26.421041000,28.470667000
200,3,complete,25.729209000,27.567708000
201,0,base-b,27.253291000,29.264000000
201,1,micro,26.649459000,28.297917000
201,2,complete,27.055833000,28.451250000
201,3,base-a,27.024583000,28.663000000
202,0,base-b,26.430292000,28.265791000
202,1,complete,25.800375000,27.181167000
202,2,micro,27.615541000,38.139291000
202,3,base-a,28.965708000,38.429666000
203,0,base-b,35.838625000,42.404917000
203,1,complete,39.608458000,42.593000000
203,2,base-a,34.910083000,41.739416000
203,3,micro,31.806500000,43.382916000
204,0,micro,42.518250000,47.972500000
204,1,base-b,43.623708000,47.417500000
204,2,base-a,36.157875000,38.564125000
204,3,complete,29.544333000,32.380125000
205,0,micro,26.863083000,28.454791000
205,1,base-b,28.513708000,31.213083000
205,2,complete,31.484791000,36.568417000
205,3,base-a,29.820500000,31.002167000
206,0,micro,30.311333000,33.878125000
206,1,base-a,33.710167000,36.841250000
206,2,base-b,43.968083000,46.313333000
206,3,complete,41.128709000,45.807292000
207,0,micro,40.283291000,44.392625000
207,1,base-a,36.012458000,37.319458000
207,2,complete,35.829125000,40.573500000
207,3,base-b,37.186708000,39.600208000
208,0,micro,36.594125000,39.873042000
208,1,complete,38.397333000,40.204833000
208,2,base-a,39.625666000,46.636375000
208,3,base-b,42.634125000,44.865917000
209,0,micro,31.577292000,35.580875000
209,1,complete,43.006625000,47.105875000
209,2,base-b,41.050583000,44.478667000
209,3,base-a,47.106416000,51.439167000
210,0,complete,48.366125000,50.587625000
210,1,base-b,36.102958000,37.588459000
210,2,micro,33.774167000,37.541292000
210,3,base-a,39.541458000,42.293292000
211,0,complete,40.096834000,41.766167000
211,1,base-b,32.768667000,35.709125000
211,2,base-a,40.770084000,44.229458000
211,3,micro,38.739458000,39.960000000
212,0,complete,40.449875000,44.808875000
212,1,micro,45.553250000,46.905958000
212,2,base-b,54.226167000,55.940958000
212,3,base-a,49.059417000,50.865791000
213,0,complete,37.532000000,40.573292000
213,1,micro,30.637875000,32.500250000
213,2,base-a,34.322084000,36.090833000
213,3,base-b,32.475041000,34.788791000
214,0,complete,31.186167000,34.401125000
214,1,base-a,32.035834000,34.982083000
214,2,micro,32.639125000,33.990375000
214,3,base-b,32.281417000,34.398958000
215,0,complete,29.974542000,31.926667000
215,1,base-a,37.822500000,40.187000000
215,2,base-b,43.645458000,48.906709000
215,3,micro,50.174833000,52.221458000
216,0,base-a,48.666250000,51.856334000
216,1,base-b,32.506291000,33.557875000
216,2,micro,28.601000000,30.724375000
216,3,complete,27.737750000,30.665167000
217,0,base-a,30.098209000,31.914875000
217,1,base-b,30.000875000,32.256667000
217,2,complete,28.860625000,31.069875000
217,3,micro,28.940916000,30.619416000
218,0,base-a,30.318666000,32.095333000
218,1,micro,28.787083000,30.172917000
218,2,base-b,29.971625000,32.090375000
218,3,complete,41.449542000,44.475000000
219,0,base-a,40.701167000,42.798834000
219,1,micro,37.543959000,40.337208000
219,2,complete,41.826791000,44.670666000
219,3,base-b,36.798584000,38.915000000
220,0,base-a,29.307958000,30.723292000
220,1,complete,28.305583000,30.559083000
220,2,micro,29.046208000,31.203750000
220,3,base-b,29.188583000,33.562417000
221,0,base-a,28.913250000,36.287209000
221,1,complete,27.486333000,33.939958000
221,2,base-b,29.089542000,31.329750000
221,3,micro,27.783167000,29.364542000
222,0,base-b,28.735125000,30.511667000
222,1,base-a,38.135083000,40.958416000
222,2,micro,37.200750000,40.734917000
222,3,complete,41.312333000,47.229083000
223,0,base-b,39.365041000,42.127625000
223,1,base-a,34.107750000,35.921250000
223,2,complete,28.183417000,30.195375000
223,3,micro,27.458416000,29.381334000
224,0,base-b,28.637250000,30.608250000
224,1,micro,26.753917000,28.052625000
224,2,base-a,27.074792000,31.852584000
224,3,complete,27.945417000,43.196625000
225,0,base-b,29.613750000,36.175000000
225,1,micro,26.940625000,28.351500000
225,2,complete,28.637125000,29.841208000
225,3,base-a,34.379209000,38.001875000
226,0,base-b,41.111584000,46.148625000
226,1,complete,48.014250000,52.234959000
226,2,micro,38.918791000,41.880084000
226,3,base-a,36.927584000,40.782667000
227,0,base-b,28.299458000,30.575917000
227,1,complete,26.109833000,28.026125000
227,2,base-a,27.778708000,30.382542000
227,3,micro,27.065125000,29.099000000
228,0,micro,27.375958000,33.889458000
228,1,base-b,27.578417000,32.413334000
228,2,base-a,28.692958000,31.070750000
228,3,complete,26.942458000,28.112500000
229,0,micro,27.281709000,28.885792000
229,1,base-b,33.658875000,35.423708000
229,2,complete,33.542584000,42.657875000
229,3,base-a,38.074959000,39.959042000
230,0,micro,40.130708000,42.392917000
230,1,base-a,38.868209000,40.797708000
230,2,base-b,33.317209000,34.805125000
230,3,complete,34.485666000,36.762208000
231,0,micro,34.520250000,36.780916000
231,1,base-a,29.906250000,34.301875000
231,2,complete,31.663459000,44.447833000
231,3,base-b,37.882292000,43.239459000
232,0,micro,37.359292000,38.370875000
232,1,complete,30.793333000,38.954583000
232,2,base-a,46.177375000,49.604750000
232,3,base-b,48.318166000,52.189667000
233,0,micro,43.977333000,46.047417000
233,1,complete,38.809417000,41.708584000
233,2,base-b,35.049792000,41.982291000
233,3,base-a,34.657875000,36.511834000
234,0,complete,33.359291000,35.692708000
234,1,base-b,35.708917000,37.044041000
234,2,micro,37.268291000,41.002375000
234,3,base-a,37.832375000,39.492500000
235,0,complete,29.146500000,30.770125000
235,1,base-b,28.865625000,31.029708000
235,2,base-a,36.092333000,37.947833000
235,3,micro,41.391250000,47.747167000
236,0,complete,46.810417000,48.058458000
236,1,micro,47.345000000,49.467875000
236,2,base-b,34.334041000,36.490166000
236,3,base-a,29.118208000,30.749459000
237,0,complete,27.581167000,29.414084000
237,1,micro,27.807917000,28.968416000
237,2,base-a,29.315584000,30.889416000
237,3,base-b,29.194625000,31.893041000
238,0,complete,27.927625000,28.929208000
238,1,base-a,29.763708000,31.943917000
238,2,micro,28.576459000,30.411584000
238,3,base-b,28.662250000,32.903292000
239,0,complete,34.439791000,36.332625000
239,1,base-a,42.397833000,43.761917000
239,2,base-b,42.540709000,45.615042000
239,3,micro,39.208459000,43.267125000
