987889386
987889387
980066127
980066128
987764643
987764644
979936622
979936623
987754085
987754086
979925661
979925662
987704774
987704775
979874469
979874470
988524012
988524013
980724982
980724983
987691215
987691216
979860394
979860395
988497137
988497138
980697079
980697080
988014961
988014962
980196496
980196497
987778937
987778938
979951459
979951460
987766785
987766786
979938847
979938848
987725676
987725677
979896169
979896170
987715427
987715428
979885530
979885531
989915711
989915712
981849596
981849597
989068892
989068893
981290660
981290661
987976520
987976521
980156589
980156590
987941019
987941020
980119732
980119733
987784973
987784974
979957729
979957730
987778669
987778670
979951188
979951189
